011110011100
101111110010
110110000110
100001011101
010000001101
101101110101
001000010111
010110110001
011111011010
011111111011
000001110111
101110001011
111111110011
100011010100
110001011000
111010001010
010101100101
010111101011
000010001101
100110001010
011011101011
011010111101
001111100000
010000101011
010100110001
001110010101
011010101111
010101001111
101101000001
001000111110
110111000110
011000010010
011011010010
111010011100
101110011001
000100001100
010110010110
100110000011
100111100101
010101010011
000111100101
011110110000
001111101100
111101111011
010011100111
000000000011
000000011111
010101111000
000011000100
110101111011
011010111000
000010110111
111100001101
110111111100
000111101100
001111100101
000010111000
010000100001
111100100000
100101000000
010110111011
000100110100
011110101100
111111010101
100010011100
001010011110
010000000000
010011111110
101110000100
001000101011
111101111101
100100100000
111000010110
010000010111
011011110011
100110101101
001101111101
110010101010
111111110011
001001100101
010011100101
111111010001
110110101101
101010000111
100001000111
111111111000
001001010001
110000010111
101100010100
000111000010
011011000001
100001101010
000000010000
010010011010
111010011000
110001011111
001101010101
010000100000
110110110011
001011110100
