000111001110
010000000011
101010011010
100010100010
101111000010
001101010000
101001000100
111010110101
001011000010
101000010110
000000000101
011011001011
000010111111
110011001101
110000011110
110110100111
101001011010
110101000011
010111010011
101101110001
100011000111
110011111101
110101010100
111101100110
000000111010
001111100101
001110011101
001110110110
111101111110
110011000101
000001001110
101001000011
110111110000
110011100010
011011000111
011111010000
101000000010
100001111100
000100110000
101001110100
110010010000
101001001000
111100110111
100001101001
110000100100
010101110111
110101010111
010111011110
001110111010
100001011001
011110011101
110001110100
001011001010
011001010011
110100111110
001111110011
000010000101
101100110110
010000010100
100000011000
101111011001
000000000011
011110111010
001000110010
111100011011
001111101010
101010110001
010110110110
110111010001
010010101011
000001111111
011000100001
001010010011
101111011011
101101111011
011000100111
100011111111
111001010011
101111110000
101101010100
011111000001
001011011010
101111001001
110000101101
011110000000
011110011011
111110111111
100101000011
110010100101
100110110010
011011011101
011101110100
111110111000
001010010010
000000001000
110010111010
010000101111
001100100111
100011100110
001100010110
