000101111011
000010111001
100000001000
001010100010
000110110001
011111111010
100101000101
110100010110
111111111110
001010100101
111101000100
011011101010
010110111111
010000001101
111000101110
101010010000
101010110101
001111000100
000111110110
010001100110
000101100010
101011100000
001001010110
001010001001
010100010000
000001001101
000100111001
000110101100
100100010110
010001001001
110110101101
001100011010
000011111011
011011101000
011110110001
011101010010
110110010011
101110010110
000110011111
110001110010
111111001101
011000000101
011000101100
101000111000
001010001000
001100101001
100011010010
000100111101
011110100101
100010010111
010001101100
011100001001
000111100100
111100011001
010011110110
111001100110
001100000011
000101101101
001011011010
100001101110
101000010010
001100100001
111010010110
100000000010
000110110111
110111011000
110101100001
110001100101
000011001000
110010100000
111110110000
100110010010
001101100000
010100111111
101100110111
111000000001
100111001111
001000001111
001000010010
100000110100
011101101010
101001011100
110100100100
100000011101
110011000111
010000110101
101100101001
000101011101
001111100100
100001001010
101110001100
011101010011
011110111011
001110101111
011000111100
101100000011
010111000001
110000110110
100010011100
001000111100
