001001101110
001010010010
101000000010
000010001010
001100110011
001111011010
001101100000
101100010111
001111111010
011000100111
111101001100
011001001010
111111101111
110010011000
110100111010
101010010000
111100110100
001110000110
000011110011
011001100000
100001100111
101001100000
011001011111
001000010110
010111010011
001010001101
100011101001
101010101100
000101111001
011001001001
110110010111
101001011010
001011110110
010111001110
110111000001
011001000010
111000100011
011110010100
010101011011
111110100010
111111000101
010101000101
011100101010
101101110000
011010100100
000000101101
101011010110
001100010101
000111010101
110011010010
110001101110
011101101000
011101100111
110100110010
010010010010
110100100100
001110000110
110101100100
001110000100
100101101010
111101110011
001000101011
101010110001
101001010010
011101111010
000111011100
000101110001
110100101101
001101001000
011010000110
111010111001
101110010011
011101001000
011100111111
100101110110
010000001001
110110011001
100101100111
001000000011
101000100100
001101101000
101001011001
101101010100
110010010101
010011000001
011010110001
101000101000
000100001011
110110110100
100000111010
111110001101
000011000101
001110100011
101010111011
000001110010
111100100001
101111000001
111000011110
101110010100
001000110110
