000101011010
000000001011
100010001000
100010110010
000111100001
001111010111
100101100000
110110010101
001011000010
001010100111
101000010101
011011001111
000011111111
010000011101
111000111110
100110111000
101001100100
101010010001
010011000110
011001110111
100101100110
110011101001
110001000110
011101010011
000100111000
000101011111
000100111000
000110111110
111101111111
010101000001
010101001101
001000010010
100111111011
110011100000
011111110011
111101000010
101110010110
100110011110
100110110010
111001110110
110111000000
001000000000
111000110100
110100101100
010010001000
001100110001
111111110111
010100011100
001110110110
100010011011
010110111010
100001100100
000010101110
111011010001
010000010100
111111110011
000100000011
100101101111
011001010100
100000001100
001101011010
001000100011
111010110010
111000101010
100110011011
100111001010
100101100001
010101100111
101111001001
111010101001
011110111111
011010110101
001001010001
001110010101
111101110111
111100110111
101011101111
000101111001
101011110010
100100010100
011101110010
001011011000
100000000011
100001101101
110111000000
010010111001
101110111011
000101010001
110011100100
100000101010
101010011100
011100110111
111100111010
001110110001
110010011100
001110000011
000011101100
010100100011
100101001100
001000010110
