000011100010
001010000110
101010001010
100010001010
000111010010
001111011001
011100000110
101101110101
001011111111
001110110011
011000000100
101001011011
101110001101
100001011001
011100011010
100010110000
111000110101
000101000011
000011110011
011001000101
100111001011
101011111001
111000011111
011011110110
010011100111
011111001111
001010100101
101011111110
110111111011
011011001001
100111010111
101001011011
100011110101
010111101110
111011011011
010001110001
110110100000
001101010000
010111001011
101110100101
111110010101
111101001100
011100111111
101101001000
010010110100
110000100111
110011011110
001111010111
000111111001
110001010000
011101011111
011101001100
001111011010
110100000010
010100011100
110011110010
000110000010
110101100100
011100010011
110000010110
110111111101
101001100010
001100100110
011101010010
111001011010
000110111000
000100110001
011100110011
101111001001
011011000110
010010101010
101000010001
011011101010
011100011111
100001110010
010000011010
100010011011
110101011011
000010010110
101010110000
001100001000
101011001000
001011010101
111000000101
010110000100
011010110011
001100111110
010101111011
011111010100
110000110010
110011011111
010001011101
111110111001
101000010011
101000011110
111100110001
010001010101
011000000110
101010111100
001000000010
