011000110001
111001111110
101110100001
111011010010
000001011100
001111001010
010010110001
000110011000
110101011101
100110001001
001001010000
110110100101
111101110011
101110110100
000011100010
111011011111
001100100011
111101000001
110011010110
110001011101
000011011000
000000100001
010000010100
000110011010
000001101111
111110101011
000100101011
100100110000
111110110001
000100100100
011110010001
000110010001
100001111010
110000010111
011010101000
011010000111
100011110011
111100101110
010011000011
100110011100
100110101100
010110101100
100010011000
000100010101
110100111010
100001100101
000010110010
001111100101
111110010110
000101100001
111000110111
101001110110
001000100111
100110110000
111010111110
011010001011
011101101011
100001100000
100101111111
110001001001
100111010111
110110001111
110110110001
101100011010
011001101111
111011101011
010100100100
100111100101
110010010101
001001000100
111100100001
010100100101
011101001001
110100010000
111101110001
001001001010
110110011101
000001011100
011101000110
010111001011
111110101001
100101000101
110001000110
110101101100
001001001110
001111011010
111010111110
000001001100
100010010010
110010001000
100110110011
111010010111
001110011000
001001101011
100100110011
110110100111
010110101010
010010001110
100010101000
010101111100
