011000100001
111001111111
001010110001
111011010000
001111001100
000111001101
010110110000
000000011100
010101010101
010110101100
001001111000
110100000100
110001110011
001100110100
110111100010
110010011101
001101000110
111101001001
110001000110
110001111001
101011011000
000000100000
100110001100
100110010110
100101001110
111010101011
000000101001
110100111110
011101100001
010101100100
111110110101
100100001001
100000100111
000000000100
011101101001
111000000011
100111010011
111010101110
011111001011
100011101101
010110010001
010110101101
000010011000
001100011101
110100111010
101000001101
010011110010
010111100101
111110110010
101100000000
110101110111
100101110000
001000000011
000010110001
111100101110
010000011111
011111111010
110100100100
101101101111
110001111101
100111000111
010010101111
111110110001
111100010010
011001011001
111011010011
011101000000
101101100101
101010010001
001001000100
111101100001
001100000101
011100001001
110110010000
111111010001
101011011010
010010110001
100001011000
011111001100
010111001001
111110001000
100001010101
101001000010
100101000100
001101001101
000100011010
111010111110
010010001100
000010010110
100010010000
100110010011
100010000110
001010011100
000001111011
100100110011
110100110100
000110111010
011010000111
000010101010
011001111100
