011001010001
110111100100
001110111000
101011010000
000101001100
001111001011
000000100011
100010010010
111100010101
110010000111
000001010100
110110000101
111001000011
001110111100
000111100011
000010110101
001101000111
011101001101
000111010110
010001011101
000111011000
101010100011
110100011100
000110001111
101001101110
111110100001
000010101001
100100111000
111110010100
010100100100
101110110001
000111000001
110001101010
100001100101
010111101000
011111010110
101011010101
011100110110
010011001001
110110011100
110110011100
011110101100
111110011000
101111000001
100100111010
100001100101
000100110010
100111100101
110101000110
001101000001
111111110101
101011101110
001010000011
100111111001
111010110010
011010111011
101101110000
100110000000
100101110101
110011001000
100111010101
110110001011
110110010001
110100011000
111011101111
111111110111
111110100100
100101100101
110110010100
000000000101
101110100101
010000110001
011111001001
110100010000
101101010000
101011001111
100110110101
010001001100
011101000110
010110001001
111010101000
100101010011
101101000111
111101100100
001101001111
000111011011
010011011110
011001001100
111010010010
100010000000
100110010011
111010010110
101111111100
001001010011
100101111011
110111100110
000110111010
010100100010
100010101000
110001110100
