011000010001
101011001110
110111100100
110011001110
011101011101
101111111110
000000100000
000010110010
010001011011
100110101001
111001011000
110110111001
101000010011
101100110100
000101000011
111110001111
111100000011
111101011001
110111010010
111001011101
010011111010
001001011001
111010011110
010110011010
000001101111
111110000111
010000001011
100000110000
011100010101
101010100100
101010010001
000101110100
110001111000
100000000101
010110101100
010011110111
110011110001
011101011000
000001010010
100110011000
100110101100
010010111100
110010010100
010110000101
110100110110
001001111101
100100011011
001111100111
011010000111
000101101010
111001110101
111101100100
001010100101
100110110010
111010111011
011000101011
001101101011
100100000000
100100110001
110001101001
001111010111
111110001111
110101010001
011100011100
011001100110
111011101111
111000100100
100111110101
010100010000
001010001101
011000110001
010000000001
001111001001
110111010101
010101110001
101011001110
100110111101
000110010100
101010000100
110110010010
011111101000
100101110101
111101101100
011101101100
101001000110
100111011010
110111011010
010011101101
011010110000
011010011000
111110110001
110011010011
101110111100
001000100011
001010110001
110110100100
010100111011
011010100000
111110111100
010101111110
