001000011001
000011101110
110111001000
100011010110
011101010001
001101001111
000100000000
110010110010
010000010111
100110000011
110001011000
010010110001
101001010011
001110111010
000111000001
001100101001
101001000101
011101011101
110110010010
011001111110
010101111000
101011111011
111010111101
000110001111
100001101111
111110000101
010001111010
100000110000
101100010100
011001100100
101100110101
000111010010
110001111000
101101000101
010001100100
010111010110
010011010101
011101010100
100101011001
010100111000
100000001100
000110011001
111100010100
111111000001
100100110000
001001101101
100100011011
001111111111
110000011111
000101101010
111101110101
111000100110
001010001000
100101111000
011010110001
011000100011
101100001010
101110000000
100110110001
010010111100
000110010111
111110000001
111101000001
110100011100
111011111111
101111111111
111010100101
010100110101
000100000001
000010011100
111110111101
111010010001
101111111101
000001010000
011101010101
101010011111
100110000101
000101000100
111010001110
110110010000
011111101011
100101010011
001101101100
111100101100
001111000110
100111010010
010000011010
111000000100
010110100001
001010001000
111110010111
111011011010
100111111100
101111010011
101011011001
110111100110
000000111011
000100100000
110100101100
010100111110
